#format: frame checksums
#version: 2
#hash: MD5
#software: Lavf63.1.101
#tb 0: 1/30
#media_type 0: video
#codec_id 0: rawvideo
#dimensions 0: 320x180
#sar 0: 1/1
#stream#, dts,        pts, duration,     size, hash
0,          0,          0,        1,    86400, ad1111017d1b42a8a3c2e6aae6fe8df3
0,          1,          1,        1,    86400, fdd5fdaf2c70ebfaf5a9c8006534150c
0,          2,          2,        1,    86400, 80e5334aa7163a18f12098aa9e253fe0
0,          3,          3,        1,    86400, 4f8c9d1f1c5877fc9a27ed652b1ef1b9
0,          4,          4,        1,    86400, 72cfb142b097398b04ebf83a4280109f
0,          5,          5,        1,    86400, 5f211d2afdd0af29953107d947d32495
0,          6,          6,        1,    86400, 20ec35e72899523f799da779ae4c6ad5
0,          7,          7,        1,    86400, cb1b3aa3dcfd337a75efbb53c0a219d4
0,          8,          8,        1,    86400, b8ec74c252769c90d908a20bfd937624
0,          9,          9,        1,    86400, 42098bc9a66683559dfc3ede1712d3eb
0,         10,         10,        1,    86400, 3e3a8a34d75b405c9275e8dc23012de9
0,         11,         11,        1,    86400, 94791d7c6e56bf2cc77acd2f3913eb92
0,         12,         12,        1,    86400, 4267089e78d42527b1a371dd14f95a46
0,         13,         13,        1,    86400, 395e51fd5ee9333701669f8ca09266aa
0,         14,         14,        1,    86400, 2f1e30405a3fe894cfa73bbe0e72f613
0,         15,         15,        1,    86400, 4c115487133089216b786bc7df6c8b6b
0,         16,         16,        1,    86400, 67679fcdae3f67fc9d92e5f5d76c786e
0,         17,         17,        1,    86400, 26b2f67e2b6e2294817913056f4b5847
0,         18,         18,        1,    86400, 94e831f3a7d55a86983bd7882fdd2f37
0,         19,         19,        1,    86400, b23daafb2ed9e87bb159643b5fec711c
0,         20,         20,        1,    86400, e3771404113001c682a4ae1964694ea0
0,         21,         21,        1,    86400, ec5a255a4e0295d3055d7cd7c2f987a4
0,         22,         22,        1,    86400, 6ac881358f7c8f716980ab87d1f58078
0,         23,         23,        1,    86400, e11469e4b81e2066a1d268eca88e48d8
0,         24,         24,        1,    86400, 25eda170e0bfc16d9a2b756f9ff8fd89
0,         25,         25,        1,    86400, aa12d1dc18f702e62a3fe7451cef2274
0,         26,         26,        1,    86400, bdddeac55694a2dc113f56f77e75f2c5
0,         27,         27,        1,    86400, 3a301e8458a7d766c13a2f0e2378ab2c
0,         28,         28,        1,    86400, 1f271a325654b20ca3edbc0cfce4b118
0,         29,         29,        1,    86400, 6b60a37bd98d4d3e955c095834d47075
0,         30,         30,        1,    86400, fd71b8840b3615014971b50e20cdfaad
0,         31,         31,        1,    86400, 0b5c53421c0f8a27b8d16fd0d0e3b003
0,         32,         32,        1,    86400, f61bb944d84116a43f16607ebc1daf5c
0,         33,         33,        1,    86400, dd5f8a264d293ec845204b26ba067f13
0,         34,         34,        1,    86400, 0ad77c0f6a1b6208cf8d0001837108be
0,         35,         35,        1,    86400, 228b9863b64c22f9afa7c4d020cbb588
0,         36,         36,        1,    86400, 243f024bf459f08321209b377963138c
0,         37,         37,        1,    86400, ec0d266d2a8fb6046453aaa30565a75f
0,         38,         38,        1,    86400, 3213245b79594ecda15cdb051bdbd801
0,         39,         39,        1,    86400, e5dd615840829ea6da28f5f24a964cfa
0,         40,         40,        1,    86400, 8eb96e4320a45ed224a0ffbc4a823042
0,         41,         41,        1,    86400, 6c84dea5963eba19f6dc7bea1c261d3b
0,         42,         42,        1,    86400, a650f769fae742e59088c21c0b955968
0,         43,         43,        1,    86400, c7f351e53d4c81ce0e38a9a4c73d4288
0,         44,         44,        1,    86400, 6a0c838cb6eefdefb1ad555223ac59be
0,         45,         45,        1,    86400, 56acb9c59f3ccdc16d33004156a626b2
0,         46,         46,        1,    86400, cdac7d30e19006ead0818a09944b04e8
0,         47,         47,        1,    86400, 3e25d60428622d03b3f1f1f43d7af050
0,         48,         48,        1,    86400, 410c5fef4c9a263c2787d6be4f0e6cb1
0,         49,         49,        1,    86400, 58a12ad436a8b6a79ed18836363abc5d
0,         50,         50,        1,    86400, 5e159137c25a700078bbdc2fbbc72631
0,         51,         51,        1,    86400, d03ad42576afaae215679d84845f7433
0,         52,         52,        1,    86400, 18e76db6e07a936ef042e5f9c05c2c6f
0,         53,         53,        1,    86400, c698fc715771a8c5c6e00e98fb98c6d0
0,         54,         54,        1,    86400, 8fd91ddb071ec7599334a1c507c1f872
0,         55,         55,        1,    86400, 1d201b91f091c01decd9785467a752cf
0,         56,         56,        1,    86400, 6aa56fb84e9e30f45c9338df3018d1de
0,         57,         57,        1,    86400, 77211c56d4f3be801ad9465b0c42f1df
0,         58,         58,        1,    86400, 074934b4ea9f485c0dda6ed9ce2cf5af
0,         59,         59,        1,    86400, 9af5326950bbf23ca3cda00293b13bf1
0,         60,         60,        1,    86400, c098bd15ce8f9b2ab7bc1937b254f68a
0,         61,         61,        1,    86400, dd083a454236a79884cb42aafad34885
0,         62,         62,        1,    86400, f6e2531d9b6087b2024c46801d7db924
0,         63,         63,        1,    86400, ab3d297b81d3f350249d38c20ce3d763
0,         64,         64,        1,    86400, 5c28b2ffcf2a8c712b5b26de165f6c6e
0,         65,         65,        1,    86400, c5b67a03edba2a4781a90ab0ce9c1e81
0,         66,         66,        1,    86400, 099fbac543a36201c9cb4479e63dbcec
0,         67,         67,        1,    86400, 4c6ad0e42aa9146c7195f15583909624
0,         68,         68,        1,    86400, f2293b0e1f8e3aa6e7da1b2206d0bc84
0,         69,         69,        1,    86400, 14b12f1ec6872726c917c92d9270faa9
0,         70,         70,        1,    86400, f4b68e94ef6e6c9996ed31f39d794bea
0,         71,         71,        1,    86400, 7817bae6fcd2724a00021c9c67cf9a6c
0,         72,         72,        1,    86400, 59b6f44b21ab261142b9d74db54a3726
0,         73,         73,        1,    86400, 75edc84faeb6406af4c3decaba776382
0,         74,         74,        1,    86400, 36e832fc2d8839a10f91722825a7ced0
0,         75,         75,        1,    86400, 6aaf0bc2d7ddbd7538a1f495513266a4
0,         76,         76,        1,    86400, 4b7aed1a914d4ac22198321073fd17cc
0,         77,         77,        1,    86400, 06219b978ca6e5bd417c8ea4a83e8d3b
0,         78,         78,        1,    86400, e0a94420036a68385e819076272a5d42
0,         79,         79,        1,    86400, d053fb323ad58c165d33e49ec9cabcb7
0,         80,         80,        1,    86400, e4e3e9d7c531260ead5ecc38b4ec2851
0,         81,         81,        1,    86400, a9aa61db3f4241b8dbf24cf7a6b545c4
0,         82,         82,        1,    86400, 2a9df540f8075667976555499c73820f
0,         83,         83,        1,    86400, 073cb66c6987765201647dc20ead7e05
0,         84,         84,        1,    86400, 9d6fd09f7eb12040dea8c5bf05b33b7f
0,         85,         85,        1,    86400, 187ecaae8264dcf1162263902fc7f57e
0,         86,         86,        1,    86400, bc5bfb6f4afcf54fbe1ea9e76cd8caf7
0,         87,         87,        1,    86400, 0727ea0d69cab0e5d2f5ab815f7d869b
0,         88,         88,        1,    86400, b1bd03d3fcc499ea4c1580484d9b3a0f
0,         89,         89,        1,    86400, c3c3e3a4d2b37a3848e2b6ea051abaf5
0,         90,         90,        1,    86400, 08a639bfbd4bfc8cb7e912ff147a7055
0,         91,         91,        1,    86400, b859d9019e7e0e1cfed4f5079f213e54
0,         92,         92,        1,    86400, 278b9e5fba5757f8d845829c798972dc
0,         93,         93,        1,    86400, ea69814b56ed94fa0e6648a027e6d13d
0,         94,         94,        1,    86400, dfc1c0d81befacd08d7d9d0c8042eb34
0,         95,         95,        1,    86400, d6b6210ef5218635e04a198b300cf38f
0,         96,         96,        1,    86400, 909bbe91a8a5cd9e6b706be8619dc7b1
0,         97,         97,        1,    86400, 7f743d69975513ef611b71b7a6590816
0,         98,         98,        1,    86400, 307c3feff83766333a19858641d0266b
0,         99,         99,        1,    86400, 32d6edc9cd6e9d4cce475ab7ac638cce
0,        100,        100,        1,    86400, 114fc35f555e745b81ab6b17953532f3
0,        101,        101,        1,    86400, 1bae43a44e925f764aca302d3a33d445
0,        102,        102,        1,    86400, 33184edd5bc052dc4c35e4863f0c5e03
0,        103,        103,        1,    86400, 43d9239d01df5e85e5092df7d6ff566c
0,        104,        104,        1,    86400, c6acf98121f55243b9b6edc8f1a174d9
0,        105,        105,        1,    86400, 2842ecf61591d55f7671d9e99b38557d
0,        106,        106,        1,    86400, d4e0fb01e87ca176a9bed14e9cb1017e
0,        107,        107,        1,    86400, 898b9f7ca2e6654a670e545710c2237d
0,        108,        108,        1,    86400, 4334d1355fd2d622c1a5666eb26b2c04
0,        109,        109,        1,    86400, fb4597c4d3fe9dde7cfe6538c0ded772
0,        110,        110,        1,    86400, 10e0533f34dc91b0dbbcc742311903d2
0,        111,        111,        1,    86400, 042e76c1a0f76998ce3a7d2bb7f5c483
0,        112,        112,        1,    86400, c0e09d30137ad10f040fe1c826ec2de8
0,        113,        113,        1,    86400, 6b0d06edbe97df643185e356e08bdd18
0,        114,        114,        1,    86400, 1f9ad66f70bbe3b93ac9ec77e9a3874b
0,        115,        115,        1,    86400, 6fbc6c089427077d860ae222df78d2e9
0,        116,        116,        1,    86400, 91977bd6e44e58716ffe7dc2b63cdc5d
0,        117,        117,        1,    86400, d103cc3413e8ecf44117cadde68cc00a
0,        118,        118,        1,    86400, 5e9af673c3951aa515328a0b95023923
0,        119,        119,        1,    86400, c8562514858aa9dc450a6a89681162b5
