#format: frame checksums
#version: 2
#hash: MD5
#software: Lavf63.1.101
#tb 0: 1/30
#media_type 0: video
#codec_id 0: rawvideo
#dimensions 0: 320x180
#sar 0: 1/1
#stream#, dts,        pts, duration,     size, hash
0,          0,          0,        1,    86400, 2828b4ae7ed63e4f874eb0a399c3a02a
0,          1,          1,        1,    86400, ebe556f60eb419fdb5a6d808e8dd5930
0,          2,          2,        1,    86400, 6b58eeb74f8bc99d29bf4f485e2db60a
0,          3,          3,        1,    86400, a45a1e1d07dfe98b5595dad359ac78c3
0,          4,          4,        1,    86400, 53b166255656e5014a79048f111bf6c5
0,          5,          5,        1,    86400, 97354c14292bfe93f7f6a775662e186c
0,          6,          6,        1,    86400, ef5eda31e8f7a322434e44578e8bf469
0,          7,          7,        1,    86400, e13e90a3fbf708813447778d3f1257fa
0,          8,          8,        1,    86400, d82e22791d1ba54811fd701432a8493e
0,          9,          9,        1,    86400, a03a25946f4d4985233991b9399b350a
0,         10,         10,        1,    86400, bac074f2260d6121bde2f90c44ba9ec7
0,         11,         11,        1,    86400, fbe309dd2ae4e96d61d5328ac9c8ae6e
0,         12,         12,        1,    86400, 512027257975a14fd3b22fc1572c2a77
0,         13,         13,        1,    86400, 35a6c9cbe4b204a314eee833dbd7cdf8
0,         14,         14,        1,    86400, cab484a128f26249f436ff1c5593e763
0,         15,         15,        1,    86400, 3b72588fc4a684e3f4c76ad94d424fb5
0,         16,         16,        1,    86400, 05c2adbd67889be495b8dd6a85468674
0,         17,         17,        1,    86400, 11e615a4ee6de33cd36a675d0af30349
0,         18,         18,        1,    86400, 66533b7ce580ceffa9214bc61c96d23b
0,         19,         19,        1,    86400, 0050de31fe746d2262536f2d5d848f22
0,         20,         20,        1,    86400, 1b52ac6fcffc6cfbec420ace1d7851b9
0,         21,         21,        1,    86400, 0f7e1ba94bdc054dc440297cb06f4c73
0,         22,         22,        1,    86400, 5af56ac7f948d0b421a9695424e8707a
0,         23,         23,        1,    86400, 3057f83393e3cc56e40b8a5a7adec496
0,         24,         24,        1,    86400, 92ad66cf9cfb57be7da51bd158c4d87d
0,         25,         25,        1,    86400, 6507da64670873d4a479c7dcf767b67a
0,         26,         26,        1,    86400, c797d92745dcdc6a1b059e539d36d45c
0,         27,         27,        1,    86400, 1c9f477b153a4203d3351d00f9ef8d21
0,         28,         28,        1,    86400, 25e2f5f8d3c358c633aa5569adc18ace
0,         29,         29,        1,    86400, 56e0a0ec01b5f583062ebefc0c41a464
0,         30,         30,        1,    86400, a783421260be05504515c446e051d2d0
0,         31,         31,        1,    86400, b21f4014ba58bfee0661f96c38738c87
0,         32,         32,        1,    86400, a30efe9265cfc16659ea5f8b29bc4956
0,         33,         33,        1,    86400, b5c90fb603dca2ce19bc1d039bbccc8a
0,         34,         34,        1,    86400, 541ca00981bda9828a14af8d056378fa
0,         35,         35,        1,    86400, 4a37a29c6b916383a0b9a1da6b896627
0,         36,         36,        1,    86400, 48c259f9a93987e3ae3827b585f41082
0,         37,         37,        1,    86400, 72575fc8de22a0ec42f946ed79aec4ec
0,         38,         38,        1,    86400, cff1d509089cc6bda50835a0ee824195
0,         39,         39,        1,    86400, 0fc2cd0910c4cd88f96f72e424b9fa44
0,         40,         40,        1,    86400, 0cfde53cbab780556daf5060ba1c3326
0,         41,         41,        1,    86400, 868a99967d1e5c28687510bdf2ae6926
0,         42,         42,        1,    86400, 710ee5485c63e3f9897e19a9befcdf04
0,         43,         43,        1,    86400, b00e1d4f1251060e2e530c7392aa4b05
0,         44,         44,        1,    86400, 164b86bd3a2e4cb9ca9b288728045565
0,         45,         45,        1,    86400, 0546d20d31397a4b757cc290a4772e6c
0,         46,         46,        1,    86400, dcffde016078373819ca0708c1bb27b6
0,         47,         47,        1,    86400, cf2cc0474876ac9c47c0efce0a8bf233
0,         48,         48,        1,    86400, a0c47aad754ab3b395893fb1bdecfa0f
0,         49,         49,        1,    86400, c0898c98a353f75fcbd483fa0fecd9f1
0,         50,         50,        1,    86400, a278136131c5d1363e1e7ece90fd2eb1
0,         51,         51,        1,    86400, 8e36ed23e1578b5b2c76db246434659b
0,         52,         52,        1,    86400, f2231570923098e54ec282f98531acc9
0,         53,         53,        1,    86400, f3add978ac0a2d2c92f3457553430ff5
0,         54,         54,        1,    86400, 2985a7ea409ffed32c0849848306d4b7
0,         55,         55,        1,    86400, 58e842a107cba197a62a893fdb463072
0,         56,         56,        1,    86400, 9ecb05cf0a014aedc03afb521502f414
0,         57,         57,        1,    86400, 38287c7fd7948f994b0d66c69294df2e
0,         58,         58,        1,    86400, 7469c37c4765785033d91d0ae7185665
0,         59,         59,        1,    86400, cc505da79f3009dbbd34d70da7c6e425
0,         60,         60,        1,    86400, 98b0a1ddef518f3169566134a4eb92a6
0,         61,         61,        1,    86400, f88e0d20e0be9f6d9a643b189530da01
0,         62,         62,        1,    86400, 116c9ec2a222b0b45b4fc93042ab0b29
0,         63,         63,        1,    86400, c2e0214a445aab5c9a9b38e5a35e948d
0,         64,         64,        1,    86400, 4a10d0b3698dd09a2e9fc49248dc1ded
0,         65,         65,        1,    86400, 81bfba5b85c4e21a8fc01f582d5ead27
0,         66,         66,        1,    86400, 8ec588b38386ef7b43178a5e63abe4be
0,         67,         67,        1,    86400, 5ed490413701e0a7801a1e2a8797a93a
0,         68,         68,        1,    86400, e0d0149aa74eff205683b7be23bcd436
0,         69,         69,        1,    86400, c0d516900438e54fa23fd5b7d7c3bfac
0,         70,         70,        1,    86400, 85d52164df307947df9a07d064e20666
0,         71,         71,        1,    86400, ff240309481d384d9eda94e95c2633d6
0,         72,         72,        1,    86400, 34061139047dfb2dd09800021fb171fe
0,         73,         73,        1,    86400, 335af3dd18f09f8445b5a9bbb75016a2
0,         74,         74,        1,    86400, 5bdf2f74cf3ac9f33f242d572e91ed95
0,         75,         75,        1,    86400, 516785d87f044a08caab765bf744df51
0,         76,         76,        1,    86400, f308b2d6fad3e39451651809b8b2a697
0,         77,         77,        1,    86400, 5c7b3070bbacdba01d8bf11412b0ef73
0,         78,         78,        1,    86400, f8a8d63362cfcb13067e386553956ede
0,         79,         79,        1,    86400, 56e1866965a5edc5f627d9638047fab0
0,         80,         80,        1,    86400, d8e913a1c353af132c86d9c3ba0c0b4b
0,         81,         81,        1,    86400, 56970c54f0aed08754c5ba7607c2fcaa
0,         82,         82,        1,    86400, b82342c75ea8b4f8fea3cddf65e4bc29
0,         83,         83,        1,    86400, aa1e145f95dab6d62d44517902c6b02d
0,         84,         84,        1,    86400, 60f8332fd778f34b49bddb677676080c
0,         85,         85,        1,    86400, 1b300b97a7bce493ce4d0cb70ec1bfb7
0,         86,         86,        1,    86400, fe93845a251827ee238fa67e7c2139e9
0,         87,         87,        1,    86400, 88c993fd9cc0cbf7bc4ceb22be640ffb
0,         88,         88,        1,    86400, 0e2cfad54eb508dfb46464ae473b5605
0,         89,         89,        1,    86400, 7554b8daceb776e0e2b3f97eac6b0c49
0,         90,         90,        1,    86400, 3a84c36725d890d810167896c1694b10
0,         91,         91,        1,    86400, 894b242e5a060ce668b3660168d40ad0
0,         92,         92,        1,    86400, 333b96e323fea02c55c8acb4945f0808
0,         93,         93,        1,    86400, ff61d3f3b1f96b250d70a12d2b59e3aa
0,         94,         94,        1,    86400, ec7006d388ed92a72f44262287e3ae87
0,         95,         95,        1,    86400, 66889121ae1d27b96a9889618c94bb7f
0,         96,         96,        1,    86400, 77da7d9924d96865895e2ce2cdb12c20
0,         97,         97,        1,    86400, c8737635af9e2c6651014d1beb5acf0d
0,         98,         98,        1,    86400, 57651ba0da8023b41a95c03d76f4316d
0,         99,         99,        1,    86400, e0699bd9ea68eae39b56e33b9d351c6f
0,        100,        100,        1,    86400, 23816b6129fe77dc489b62258ed5a316
0,        101,        101,        1,    86400, 3ce339561dc10fbdbc9f28073893bde9
0,        102,        102,        1,    86400, 52033a9c680c2f40d32c2b11e9389715
0,        103,        103,        1,    86400, 40cbe6addd9c52c0d1ba21815f96b8e9
0,        104,        104,        1,    86400, fb77da2866015e1ab2a49830e2e58611
0,        105,        105,        1,    86400, 71e74d13c5be9ab0011d25d4bf562f17
0,        106,        106,        1,    86400, 12c4dba1c11f9557c21a3c0a83dbd57d
0,        107,        107,        1,    86400, 65688919734e9ca90898b90dfb87493b
0,        108,        108,        1,    86400, 64dc7191615ddc99bce72ac2c405ab48
0,        109,        109,        1,    86400, 518f3a544e212736c6beafb8c09d6f9f
0,        110,        110,        1,    86400, 91178ff1e41d3c53413aff81a68c12a5
0,        111,        111,        1,    86400, b689778cbc884635f645af58d8bf873b
0,        112,        112,        1,    86400, d00ea3f729a6e006b12632cd71f73af0
0,        113,        113,        1,    86400, 8ddb40f74020fcb247bc308818a8b5ce
0,        114,        114,        1,    86400, 6d6baf6192dfff593156c211eb1d8c27
0,        115,        115,        1,    86400, 85ce22d9e5553e40fac0ffb4b7a60794
0,        116,        116,        1,    86400, e41c0c856d064797a4c249445988f1f9
0,        117,        117,        1,    86400, 2e26a847322ff2956fb8ba1cfa27f65d
0,        118,        118,        1,    86400, ca1c96590b59ec80cd21098e8295b09a
0,        119,        119,        1,    86400, d60dab2245cd9b0f1de06795c5191f06
