#format: frame checksums
#version: 2
#hash: MD5
#software: Lavf63.1.101
#tb 0: 1/30
#media_type 0: video
#codec_id 0: rawvideo
#dimensions 0: 320x180
#sar 0: 1/1
#stream#, dts,        pts, duration,     size, hash
0,          0,          0,        1,    86400, ed9a3a8cd22f727aa5f6c4d78c6c567c
0,          1,          1,        1,    86400, 2dc363c19107c224d3c754b79c89e501
0,          2,          2,        1,    86400, bf4666ad4a13bf7b9fd87e00479d2b97
0,          3,          3,        1,    86400, 106e6d949ceef080d952058b8767f3b5
0,          4,          4,        1,    86400, 487bc97877cf17f179320fe833561a73
0,          5,          5,        1,    86400, a7203a119537143a5dc5d36d93d8f4e7
0,          6,          6,        1,    86400, 20f87245b80c6b0750874b6a260f47c7
0,          7,          7,        1,    86400, b945a2e75a616a63fd8c7c2f7f2f4320
0,          8,          8,        1,    86400, 017316a39b509a6f4b854b65711d41da
0,          9,          9,        1,    86400, fe907115dcca5bcb5cf0e959ac47cd71
0,         10,         10,        1,    86400, 59e0fa6ae0dee668573f2bf1cd0eb9b7
0,         11,         11,        1,    86400, 3f3ae786e47ca8744b404786ff6d49b8
0,         12,         12,        1,    86400, 5b06f9476a337483513206217eee5cbf
0,         13,         13,        1,    86400, cf1d8f638d6ad310effc31e154a4d672
0,         14,         14,        1,    86400, f4fe42cc6b2a6ab0532910f8b4f0c295
0,         15,         15,        1,    86400, f2847ce76e3f720efd4a8e5692d85a69
0,         16,         16,        1,    86400, 8e6debae4a811885fbe7ad6cdbdcc8e6
0,         17,         17,        1,    86400, 9ed0a16e5cbd4399625ace64e94117d6
0,         18,         18,        1,    86400, 0590128cd4e368499b323a88182c2e49
0,         19,         19,        1,    86400, 5ad88b1512a62471d32f74fba47f687b
0,         20,         20,        1,    86400, d122cf22ff713f903f8b329636b79ae5
0,         21,         21,        1,    86400, 49558828510223d5a4e9450707c7d8a2
0,         22,         22,        1,    86400, 5735740ddf003194b3872f6eda0ce193
0,         23,         23,        1,    86400, 9717669f76bd5de97552130eb8aeeaae
0,         24,         24,        1,    86400, e7e545e721bcef400ec2e8ae89cc2359
0,         25,         25,        1,    86400, 6b99ffba83400525cb312f7f9c05bf43
0,         26,         26,        1,    86400, 993825ab0341256dbda2027f986c8b34
0,         27,         27,        1,    86400, 2942c649461166bd5b35ad4420097476
0,         28,         28,        1,    86400, 61ed570c065e2ca95de428cb4eb1518f
0,         29,         29,        1,    86400, b77bfe53958a2522c73f13814887f2b8
0,         30,         30,        1,    86400, 9ad88691b537e68ae82b72bd3157fe0e
0,         31,         31,        1,    86400, 2773c79f17d725d11fc2eabafcbef48b
0,         32,         32,        1,    86400, a87e67da7c00f80ac6f91313d19fab4b
0,         33,         33,        1,    86400, 57b8988fa7449fd515fd3588d5f29466
0,         34,         34,        1,    86400, 3dd4adf1923316c3a81eca9370edb78a
0,         35,         35,        1,    86400, de00f184c9583172eda855e2e38362f6
0,         36,         36,        1,    86400, 8e8e9192d972f37b8979165800eb1fcd
0,         37,         37,        1,    86400, 6d66e9c9d224ce2721165335a71afc53
0,         38,         38,        1,    86400, 1b7f85be3e8153d16e937d18e8a46ed1
0,         39,         39,        1,    86400, e367fabebd7af7213f2ef13c7436b639
0,         40,         40,        1,    86400, dd72fefb57d1343ece5e2682591bf2be
0,         41,         41,        1,    86400, 8c6bef75aa87ed37c456b37e1650d7cb
0,         42,         42,        1,    86400, 35ef4ebe604881c9fad4c05eed1eb3b8
0,         43,         43,        1,    86400, 3797dd15e79a917716a178ee246599c8
0,         44,         44,        1,    86400, 3f9c3dbb114093192425502f6f795a8c
0,         45,         45,        1,    86400, cbeb29c1ccb217aee65f4531831c1ba8
0,         46,         46,        1,    86400, 2b4892b67c99323daa835f33d706023a
0,         47,         47,        1,    86400, ab5c318e3c15e492ed0ca3da93f523e5
0,         48,         48,        1,    86400, 6f9d9733a55dec5bf3597060dd1c5dba
0,         49,         49,        1,    86400, 8707b3152b85bc74194bb5145f37f9c1
0,         50,         50,        1,    86400, c9c0cc4df4dbf58875bd9e0de1469691
0,         51,         51,        1,    86400, 2935e722570e6bf226cdadc7ca5bf1ec
0,         52,         52,        1,    86400, 2878f731b1ed1984a19bcaa390bc5404
0,         53,         53,        1,    86400, 271bb2cf8a3067f5d7db00aad33a5507
0,         54,         54,        1,    86400, 71e6b1e4f0913803c94e3d53022e2d36
0,         55,         55,        1,    86400, ede9f60bd412f22e26401b7e3ecc866c
0,         56,         56,        1,    86400, aea4028657891b06e416a50b1ee6426c
0,         57,         57,        1,    86400, eb46836ecc41ade7d2fe187e7cd68e15
0,         58,         58,        1,    86400, da81d952923a01301dcd79bc803f5947
0,         59,         59,        1,    86400, 60e1506211ad2d03924a00ef639c53a4
0,         60,         60,        1,    86400, 838a998aefb6d5ddf61eb3d932f77e34
0,         61,         61,        1,    86400, 17a6728c596a3ad699211b4f258b9aed
0,         62,         62,        1,    86400, 1c822313e31b5cbb7764f483e4dd20cf
0,         63,         63,        1,    86400, 7bddea90808828c00e7cba4808fbef7d
0,         64,         64,        1,    86400, d466ebad75c585132a96da65753d23fa
0,         65,         65,        1,    86400, 4c0fb888df28de2dce13082ce2775791
0,         66,         66,        1,    86400, 5a9e4a874fdd274ad1137695555e8945
0,         67,         67,        1,    86400, fc9d6d41a85634524fb1849aa965b1bb
0,         68,         68,        1,    86400, a2b14272943bceaefbfe9586fabd7710
0,         69,         69,        1,    86400, c8085e8cbe6bdcde7ae2d7a9d329efba
0,         70,         70,        1,    86400, f5fbb4a14023025045d9e4fdfce1be90
0,         71,         71,        1,    86400, ac4f5f149d155f0335f2a35e677ff708
0,         72,         72,        1,    86400, fe6a70674265c2981ec9daa491fc24f1
0,         73,         73,        1,    86400, 413407d11b7f4e32ebdfe9d320532495
0,         74,         74,        1,    86400, ec1c870a290d8ab10a5a115483a636ac
0,         75,         75,        1,    86400, e57b9270842327d90b33ee46bd7c8f8e
0,         76,         76,        1,    86400, f9d9027bf84e239b162bd9b7a5315bec
0,         77,         77,        1,    86400, a4cbf40709b47c40d25d7c7ed73c6a7e
0,         78,         78,        1,    86400, 1447a37b96ea04db1df29a2e9b22d165
0,         79,         79,        1,    86400, c0649d4f03303aa4024b3ef6d6f772c4
0,         80,         80,        1,    86400, bc6a9abcb805339f837dad5f0dab2c59
0,         81,         81,        1,    86400, fd40e0786f0c46a665ca15089b63cbd7
0,         82,         82,        1,    86400, c53861464349b68fb60f7b53409d4797
0,         83,         83,        1,    86400, 287eb0ef84c15ce10b6082b5b149e470
0,         84,         84,        1,    86400, 82305b8280e1f07277e8392f0e89b46e
0,         85,         85,        1,    86400, 5a87dc59df538f1b4090c9baeee8bb34
0,         86,         86,        1,    86400, c93f9778656fad7685437488295d55f3
0,         87,         87,        1,    86400, 61cd5474a5f547e937a97e51aa192e21
0,         88,         88,        1,    86400, 279cf34423ab8ea54f780f808d7c17e1
0,         89,         89,        1,    86400, 9f06735f8b03436662eb127bed3dd34e
0,         90,         90,        1,    86400, fa9914651188d8b8ade073edeabacd2f
0,         91,         91,        1,    86400, a4ccd6b924e9ed92306b1d1f747dc2cc
0,         92,         92,        1,    86400, b4f22706d2dca477ff5c36cd86677597
0,         93,         93,        1,    86400, 36cc7356fb586479518d185b9c1f7958
0,         94,         94,        1,    86400, 884bff6b0254f0b1efe62d1303a86cd0
0,         95,         95,        1,    86400, e6e537004276c0a1b3a4e9b630282596
0,         96,         96,        1,    86400, 212cd9adf179babb080b71081745cee4
0,         97,         97,        1,    86400, 66f86b2394fbea44d598d81c47e73eea
0,         98,         98,        1,    86400, f47a72106fe714169cd85c7b4e281d30
0,         99,         99,        1,    86400, dd4557abf1ba9c9eae9242853b5992ee
0,        100,        100,        1,    86400, 9789e18bfd6e2e6ab3fab293e0a1284a
0,        101,        101,        1,    86400, 37d81033152776631d745e477f5ab1b8
0,        102,        102,        1,    86400, ebd6e3f3e1a3762f8022f26711fb3d54
0,        103,        103,        1,    86400, 5e16068694e8a16282aa8b4ea319760b
0,        104,        104,        1,    86400, 7e47adffecd375964092bc8785a14c01
0,        105,        105,        1,    86400, 36c9e2f1f48ca64961c68ea8d6e966c1
0,        106,        106,        1,    86400, 988d935490f4f9a63f3a7aa7786443e6
0,        107,        107,        1,    86400, 435476530dd2d449084956dca42f107b
0,        108,        108,        1,    86400, 59a82039e17232ae2a9f5455eeee385e
0,        109,        109,        1,    86400, 48bd6735e2fdf1f5141ed5ba4b6a2449
0,        110,        110,        1,    86400, bf86edb3ba0c8c4f67922d1f001ea9d5
0,        111,        111,        1,    86400, d3f50d1cd2ba1e2d2ccf68c265c09d9c
0,        112,        112,        1,    86400, d4139aa28f9dcefa209e74c7683c763d
0,        113,        113,        1,    86400, 557f92435e3b0c7acbb3aea0d3c68e4a
0,        114,        114,        1,    86400, 777fbe63872f4d1bea382e160312409e
0,        115,        115,        1,    86400, e5c302195c2bf589af288588da912c0f
0,        116,        116,        1,    86400, cb0150c8054b155864ea0a2bed9e877d
0,        117,        117,        1,    86400, 7ade69660b80151f29ad3d8192625ef1
0,        118,        118,        1,    86400, 24c5307c8768a83752565673c4640973
0,        119,        119,        1,    86400, 9000f8cd85ed17f10d280d5cbf154304
