#format: frame checksums
#version: 2
#hash: MD5
#software: Lavf63.1.101
#tb 0: 1/30
#media_type 0: video
#codec_id 0: rawvideo
#dimensions 0: 320x180
#sar 0: 1/1
#stream#, dts,        pts, duration,     size, hash
0,          0,          0,        1,    86400, ad1111017d1b42a8a3c2e6aae6fe8df3
0,          1,          1,        1,    86400, fdd5fdaf2c70ebfaf5a9c8006534150c
0,          2,          2,        1,    86400, 80e5334aa7163a18f12098aa9e253fe0
0,          3,          3,        1,    86400, 4f8c9d1f1c5877fc9a27ed652b1ef1b9
0,          4,          4,        1,    86400, 72cfb142b097398b04ebf83a4280109f
0,          5,          5,        1,    86400, 5f211d2afdd0af29953107d947d32495
0,          6,          6,        1,    86400, 20ec35e72899523f799da779ae4c6ad5
0,          7,          7,        1,    86400, cb1b3aa3dcfd337a75efbb53c0a219d4
0,          8,          8,        1,    86400, b8ec74c252769c90d908a20bfd937624
0,          9,          9,        1,    86400, 42098bc9a66683559dfc3ede1712d3eb
0,         10,         10,        1,    86400, 3e3a8a34d75b405c9275e8dc23012de9
0,         11,         11,        1,    86400, 94791d7c6e56bf2cc77acd2f3913eb92
0,         12,         12,        1,    86400, 4267089e78d42527b1a371dd14f95a46
0,         13,         13,        1,    86400, 395e51fd5ee9333701669f8ca09266aa
0,         14,         14,        1,    86400, 2f1e30405a3fe894cfa73bbe0e72f613
0,         15,         15,        1,    86400, 4c115487133089216b786bc7df6c8b6b
0,         16,         16,        1,    86400, 67679fcdae3f67fc9d92e5f5d76c786e
0,         17,         17,        1,    86400, 26b2f67e2b6e2294817913056f4b5847
0,         18,         18,        1,    86400, 94e831f3a7d55a86983bd7882fdd2f37
0,         19,         19,        1,    86400, b23daafb2ed9e87bb159643b5fec711c
0,         20,         20,        1,    86400, e3771404113001c682a4ae1964694ea0
0,         21,         21,        1,    86400, ec5a255a4e0295d3055d7cd7c2f987a4
0,         22,         22,        1,    86400, 6ac881358f7c8f716980ab87d1f58078
0,         23,         23,        1,    86400, e11469e4b81e2066a1d268eca88e48d8
0,         24,         24,        1,    86400, 25eda170e0bfc16d9a2b756f9ff8fd89
0,         25,         25,        1,    86400, aa12d1dc18f702e62a3fe7451cef2274
0,         26,         26,        1,    86400, bdddeac55694a2dc113f56f77e75f2c5
0,         27,         27,        1,    86400, 3a301e8458a7d766c13a2f0e2378ab2c
0,         28,         28,        1,    86400, 1f271a325654b20ca3edbc0cfce4b118
0,         29,         29,        1,    86400, 6b60a37bd98d4d3e955c095834d47075
0,         30,         30,        1,    86400, fd71b8840b3615014971b50e20cdfaad
0,         31,         31,        1,    86400, 0b5c53421c0f8a27b8d16fd0d0e3b003
0,         32,         32,        1,    86400, f61bb944d84116a43f16607ebc1daf5c
0,         33,         33,        1,    86400, dd5f8a264d293ec845204b26ba067f13
0,         34,         34,        1,    86400, 0ad77c0f6a1b6208cf8d0001837108be
0,         35,         35,        1,    86400, 228b9863b64c22f9afa7c4d020cbb588
0,         36,         36,        1,    86400, 243f024bf459f08321209b377963138c
0,         37,         37,        1,    86400, ec0d266d2a8fb6046453aaa30565a75f
0,         38,         38,        1,    86400, 3213245b79594ecda15cdb051bdbd801
0,         39,         39,        1,    86400, e5dd615840829ea6da28f5f24a964cfa
0,         40,         40,        1,    86400, 8eb96e4320a45ed224a0ffbc4a823042
0,         41,         41,        1,    86400, 6c84dea5963eba19f6dc7bea1c261d3b
0,         42,         42,        1,    86400, a650f769fae742e59088c21c0b955968
0,         43,         43,        1,    86400, c7f351e53d4c81ce0e38a9a4c73d4288
0,         44,         44,        1,    86400, 6a0c838cb6eefdefb1ad555223ac59be
0,         45,         45,        1,    86400, 56acb9c59f3ccdc16d33004156a626b2
0,         46,         46,        1,    86400, cdac7d30e19006ead0818a09944b04e8
0,         47,         47,        1,    86400, 3e25d60428622d03b3f1f1f43d7af050
0,         48,         48,        1,    86400, 410c5fef4c9a263c2787d6be4f0e6cb1
0,         49,         49,        1,    86400, 58a12ad436a8b6a79ed18836363abc5d
0,         50,         50,        1,    86400, 5e159137c25a700078bbdc2fbbc72631
0,         51,         51,        1,    86400, d03ad42576afaae215679d84845f7433
0,         52,         52,        1,    86400, 18e76db6e07a936ef042e5f9c05c2c6f
0,         53,         53,        1,    86400, c698fc715771a8c5c6e00e98fb98c6d0
0,         54,         54,        1,    86400, 8fd91ddb071ec7599334a1c507c1f872
0,         55,         55,        1,    86400, 1d201b91f091c01decd9785467a752cf
0,         56,         56,        1,    86400, 6aa56fb84e9e30f45c9338df3018d1de
0,         57,         57,        1,    86400, 77211c56d4f3be801ad9465b0c42f1df
0,         58,         58,        1,    86400, 074934b4ea9f485c0dda6ed9ce2cf5af
0,         59,         59,        1,    86400, 24afb1ddd0263180eb4aa19c137651ed
0,         60,         60,        1,    86400, 5c62f3545e3bec59dc4a0cc250d0b923
0,         61,         61,        1,    86400, b6f1823ddc2295ab1e8659b0ef4e30d4
0,         62,         62,        1,    86400, fe1d156cd6588f7fd01e46c50de10ea8
0,         63,         63,        1,    86400, 4ce6ee95e7300e9fd8ed9a993087b8ef
0,         64,         64,        1,    86400, a067e8d987c32d8f4dba99daf83f143d
0,         65,         65,        1,    86400, ced7e38f5deefbc2d548a3e3845dbf60
0,         66,         66,        1,    86400, ea7759d4e554d9b966d2f1a31b2f1c62
0,         67,         67,        1,    86400, 30eafd9fe3c08ebb5b307a6de92b40c3
0,         68,         68,        1,    86400, 9c925c05f942aa0c103e55a5aae90387
0,         69,         69,        1,    86400, 707e9da43bbe1c03fdb64d2907e4f6d2
0,         70,         70,        1,    86400, b1d6abe1728562496abd0b009ab044a9
0,         71,         71,        1,    86400, ec92518a417adf45d0ca60ad5b5f0a57
0,         72,         72,        1,    86400, cd372b53ed7c9cb37798c7d3dfac6d41
0,         73,         73,        1,    86400, e7bbdc24298915bd901081983490dfaf
0,         74,         74,        1,    86400, 64c9cac4af92aa2fe7d6609023fdac3d
0,         75,         75,        1,    86400, 1ddd88c6377083531e9d6fac7f83b458
0,         76,         76,        1,    86400, 00aad510b1ff3424858f7fbb74381768
0,         77,         77,        1,    86400, 7e7c03e66687ee5db0e936a56fafd966
0,         78,         78,        1,    86400, 537e121c2287cc8e30c65d1fd5da40ec
0,         79,         79,        1,    86400, 5574fbdb0b57530ef08b5d7a12c5cda3
0,         80,         80,        1,    86400, d10a6469099009cdb267a7733ffaf2e3
0,         81,         81,        1,    86400, 3b55207f8f192fd4dc81e836769f7745
0,         82,         82,        1,    86400, 53c5bdd5a550c82f7147c75c09d1badd
0,         83,         83,        1,    86400, f13102cee146856d68feb4944bc0a738
0,         84,         84,        1,    86400, 29ce639c55e4860d022cacc48eff5fee
0,         85,         85,        1,    86400, fda1b0ac0fab01a0086e49f04fd79568
0,         86,         86,        1,    86400, 872eb02f232dfa7073774ce5528c1962
0,         87,         87,        1,    86400, 64aef679111cf8f269d89d25d523fedd
0,         88,         88,        1,    86400, 6d1d7ce3736c8aae0286d167b2e21b50
0,         89,         89,        1,    86400, 2759e6b8af2e717c0e36ea49d99ab433
0,         90,         90,        1,    86400, 460c0d26157c14df5397f2eeb2999559
0,         91,         91,        1,    86400, f1c62b876b6d51e3c055192ed7684738
0,         92,         92,        1,    86400, 0f066374a11de75424914bd27177b595
0,         93,         93,        1,    86400, 1481d6305fdfa57220abd044e921a644
0,         94,         94,        1,    86400, 3a34f80fe5d57fbfecf60461bd930ce0
0,         95,         95,        1,    86400, 4691654c51c97c6c8958cd0fe16f23f0
0,         96,         96,        1,    86400, 50b4832a65cb81199e74b3c314463a81
0,         97,         97,        1,    86400, f12b2018f08ce673d8172f47cbf1fb0f
0,         98,         98,        1,    86400, a074ae5a699b19ea0385054a448274a9
0,         99,         99,        1,    86400, 359ddb0188fea2256b899da885861b49
0,        100,        100,        1,    86400, f6330f01e9f3693d5cc055631037124f
0,        101,        101,        1,    86400, 14ccedf665164e091f22bfa356572f01
0,        102,        102,        1,    86400, 425eb73ff7f2438140fccf6a1b54b68f
0,        103,        103,        1,    86400, 9d5b3e1c5a85cf212dfcb10266dd745f
0,        104,        104,        1,    86400, e28d4a3a392889e9d8f720973665ffbc
0,        105,        105,        1,    86400, 155a049652bfec0df43f12b014616710
0,        106,        106,        1,    86400, be597c30bad49db068478a1cb9f21f35
0,        107,        107,        1,    86400, a72c9740e808b392047c8cad489740d9
0,        108,        108,        1,    86400, 799014b64bdc1f08d88956aee5b4ddd9
0,        109,        109,        1,    86400, aabf0cd2406fe322a6120bca11ab3a51
0,        110,        110,        1,    86400, 16aee0e89e17c21087689d3a1b6505ae
0,        111,        111,        1,    86400, 7b780bbf8074fae0dd9f49a6cb3d45cb
0,        112,        112,        1,    86400, 0ae05998aa5d047719eed4e995bb9013
0,        113,        113,        1,    86400, 018dc041542a9a22856e7b7d32d65303
0,        114,        114,        1,    86400, 0a9c9aeb02d42818323e5e00839695f6
0,        115,        115,        1,    86400, a529cd39580144051fc2f84040284e8f
0,        116,        116,        1,    86400, d5b04bd624d96c45bd7d57fa6cd4090c
0,        117,        117,        1,    86400, 833d73076070659362d95e0af5ac69b7
0,        118,        118,        1,    86400, d5d0667161196e9b1aeb2aed34e17528
0,        119,        119,        1,    86400, 7d0428b4952cec5b9c3fac8073524638
