#format: frame checksums
#version: 2
#hash: MD5
#software: Lavf63.1.101
#tb 0: 1/30
#media_type 0: video
#codec_id 0: rawvideo
#dimensions 0: 320x180
#sar 0: 1/1
#stream#, dts,        pts, duration,     size, hash
0,          0,          0,        1,    86400, f15bc9e55fb46fad0920e4d626937ef9
0,          1,          1,        1,    86400, 4dd293d1e1f9ff537cf50bbe0690e869
0,          2,          2,        1,    86400, f918c8ed7cf34071d60d9409502ccb3b
0,          3,          3,        1,    86400, 9b9d9853f63c33fb35f4f486021ece6b
0,          4,          4,        1,    86400, 3a517d5958e01ffbb1d31d8db635c473
0,          5,          5,        1,    86400, e709e35541123691431ba63b7cbc82c9
0,          6,          6,        1,    86400, e2a21ec399532b0df80b9f698d34d9c9
0,          7,          7,        1,    86400, 10bc2e5acdc462c1c0a453ff13733bef
0,          8,          8,        1,    86400, 5a495e8232d57c77e0863ca113550cd0
0,          9,          9,        1,    86400, 86b37a297c84db7afe8fea7051735084
0,         10,         10,        1,    86400, 0f1e61f895486130d1f7b62840b066f5
0,         11,         11,        1,    86400, 094cf09ad7a115e8ae728527aa767efa
0,         12,         12,        1,    86400, 66a5e471be16e515dba6bb02084c99b8
0,         13,         13,        1,    86400, d8d7c87102ab4292b900f46aab6923c8
0,         14,         14,        1,    86400, 9e8c8f83e865aaea7af3206452b7ac34
0,         15,         15,        1,    86400, 67dc06da589be3fb71a0cc5077a362b8
0,         16,         16,        1,    86400, 4b4b9b7d7bf43ceed12ad5939bf92487
0,         17,         17,        1,    86400, d0acfce28a609c6b85b08880ad2f0423
0,         18,         18,        1,    86400, 18562e82d2bc8fa987f5d71168dd6819
0,         19,         19,        1,    86400, ce77e57191729ad3d6d142926023bd6f
0,         20,         20,        1,    86400, c26a96fe2242e9c8f308745736a6b522
0,         21,         21,        1,    86400, 42d94a070519754c25ecacd2a8f720ff
0,         22,         22,        1,    86400, db00e6d9a83eedfbe450b6c1312a27d6
0,         23,         23,        1,    86400, 80c427d3a9e14bb21febbc27e2c4571a
0,         24,         24,        1,    86400, 845c83fddb4540214c0eb7ea7dc06288
0,         25,         25,        1,    86400, 3c73fda394cbb98f71d308f7543792ce
0,         26,         26,        1,    86400, 1e8eedf106726842ee4ec4b7532a7ce0
0,         27,         27,        1,    86400, 2f8af4108cbf41ce48831ce0da137a30
0,         28,         28,        1,    86400, 47aac8eab3ba7de9768bda65473b91e6
0,         29,         29,        1,    86400, 47ad4134be5151a0cc30eb0af359a50e
0,         30,         30,        2,    86400, 268bb5931bf253eaf787b1e734d3318a
0,         32,         32,        1,    86400, 96de10084d31d48d6c0e5ad03bd2e9e0
0,         34,         34,        2,    86400, ae8c4fbdd79677f26d0d94b6aba7bd18
0,         36,         36,        1,    86400, dedafb2ca289e79e7a912a202fb30e36
0,         38,         38,        2,    86400, dc0b545e206ca58fad4a9026ae254798
0,         40,         40,        2,    86400, b6c328ef5ceefd91e71ab864a6300369
0,         42,         42,        2,    86400, 0403d6c4f55f6603e2dbec58533b071f
0,         44,         44,        2,    86400, 54265998bd871d1356860a5674677c5d
0,         46,         46,        2,    86400, 91bb6b39ee8a01a7ed8493f1caaa37f8
0,         48,         48,        2,    86400, 8772dfc6ecf012476b3e17d1a8c0de7c
0,         50,         50,        2,    86400, a59043a1168940cf6fa550ae02cdedff
0,         52,         52,        2,    86400, ff81833982ef5bca0bb67e87a08a5cd6
0,         54,         54,        2,    86400, 5fe8577002cd0e99af4f3f92b8fcae69
0,         56,         56,        2,    86400, c09897667fb87d5b3983f750f8c17345
0,         58,         58,        2,    86400, 02f0a12c4f1661d7d1659f7025b05444
0,         60,         60,        2,    86400, 94381acaa25fbe09c7e51e17424a4b9d
0,         63,         63,        3,    86400, 13f2d20151711b6d5a879a7d67d6e16d
0,         66,         66,        3,    86400, b33afa2e002402c02d054922c4e18890
0,         69,         69,        3,    86400, 52b590fbf9b57793bd0f9bb9df52fbde
0,         72,         72,        2,    86400, 48cef0df794de22a5ce281550529dc2b
0,         75,         75,        3,    86400, 0038885387ecfca11e5897f9e2c21cc0
0,         78,         78,        3,    86400, b75aa64934ecbff18e51ea22e6ad08bf
0,         81,         81,        3,    86400, c2752c81e39b220c96ab171299b96fd4
0,         84,         84,        3,    86400, e9b214283bdec1bc719dda04fde223a1
0,         87,         87,        3,    86400, 195946b35dd80b03981a518b8dccbe05
0,         90,         90,        3,    86400, 95529f439e7369805a9777eda9f8865a
0,         93,         93,        3,    86400, ea604660d11bef07288883873ee5deb6
0,         96,         96,        3,    86400, d39d64072cf95fe58e74ccddec48cc36
0,         99,         99,        3,    86400, 75d1f3a205a160be50cc6883fdd4551b
0,        102,        102,        3,    86400, b91f75b8140506b025b98d9f6a69fcc7
0,        105,        105,        3,    86400, 805f7eb2f0a4c3ad31042d5663f385eb
0,        108,        108,        3,    86400, d76820e8405e5e243723e145de9ca9e0
0,        111,        111,        3,    86400, 558428a2441c1663c8bd6c4f1238dea3
0,        114,        114,        1,    86400, 5dbb96cf5f321bb33e93bff0d9272ec3
0,        117,        117,        3,    86400, a0cdec7d351f0c614faf8badc1fcc1ef
